2020 5 26 138.0462531
2020 5 25 194.1938358
2020 5 24 89.60623259
2020 5 23 20.12036139
2020 5 22 123.0583455
2020 5 21 164.1181081
2020 5 20 85.09603359
2020 5 19 91.46202838
2020 5 18 58.84795535
2020 5 17 160.5086071
2020 5 16 150.8892424
2020 5 15 33.58230083
2020 5 14 145.7350509
2020 5 13 16.36094713
2020 5 12 48.46930543
2020 5 11 143.4421994
2020 5 10 167.6389883
2020 5 9 56.72058346
2020 5 8 115.3163528
2020 5 7 24.56970479
2020 5 6 175.1562748
2020 5 5 13.14481685
2020 5 4 171.690406
2020 5 3 49.64176872
2020 5 2 112.0296696
2020 5 1 11.60305135
2020 4 30 55.07464107
2020 4 29 123.9250131
2020 4 28 115.5175666
2020 4 27 27.76296113
2020 4 26 35.16569038
2020 4 25 173.7429678
2020 4 24 108.1436592
2020 4 23 189.4137388
2020 4 22 190.3528298
2020 4 21 9.480791585
2020 4 20 171.946884
2020 4 19 193.9899696
2020 4 18 126.9322814
2020 4 17 170.7346344
2020 4 16 124.2964349
2020 4 15 110.7831655
2020 4 14 188.8400175
2020 4 13 103.119137
2020 4 12 73.00422881
2020 4 11 83.51076074
2020 4 10 122.1386006
2020 4 9 0.54006113
2020 4 8 75.96561751
2020 4 7 67.89937354
2020 4 6 34.5759284
2020 4 5 5.914225352
2020 4 4 193.443145
2020 4 3 57.5672119
2020 4 2 146.5446192
2020 4 1 168.007522
2020 3 31 17.9062736
2020 3 30 63.37674283
2020 3 29 161.77528
2020 3 28 104.824695
2020 3 27 10.44037996
2020 3 26 22.46146652
2020 3 25 168.3419989
2020 3 24 84.3954488
2020 3 23 96.18103307
2020 3 22 132.9150596
2020 3 21 193.1458882
2020 3 20 107.1625269
2020 3 19 133.5496257
2020 3 18 142.902465
2020 3 17 114.9919334
2020 3 16 128.6261716
2020 3 15 120.6252044
2020 3 14 55.41247747
2020 3 13 195.1349927
2020 3 12 195.271888
2020 3 11 136.7891174
2020 3 10 178.5124414
2020 3 9 123.0255081
2020 3 8 99.79399977
2020 3 7 196.0345385
2020 3 6 40.67222676
2020 3 5 164.6148448
2020 3 4 61.14371246
2020 3 3 7.648591937
2020 3 2 61.15573259
2020 3 1 62.5245164
2020 2 29 75.73298061
2020 2 28 14.41022187
2020 2 27 141.6435148
2020 2 26 156.331802
2020 2 25 83.1098813
2020 2 24 56.24330918
2020 2 23 183.8023599
2020 2 22 169.192415
2020 2 21 177.6461555
2020 2 20 99.84394069
2020 2 19 163.1463092
2020 2 18 129.6470029
2020 2 17 137.0049897
2020 2 16 110.3772326
2020 2 15 89.94951398
2020 2 14 80.06683017
2020 2 13 190.7881953
2020 2 12 103.0198717
2020 2 11 157.1229899
2020 2 10 157.4375512
2020 2 9 146.6781181
2020 2 8 178.9299781
2020 2 7 189.4439794
2020 2 6 35.5582454
2020 2 5 79.09200518
2020 2 4 51.64141279
2020 2 3 199.8311205
2020 2 2 127.6660364
2020 2 1 43.70999103
2020 1 31 19.57559349
2020 1 30 110.4382415
2020 1 29 3.551200253
2020 1 28 16.38149494
2020 1 27 45.42170805
2020 1 26 123.7442271
2020 1 25 151.6238788
2020 1 24 82.61923739
2020 1 23 4.678400574
2020 1 22 36.86485237
2020 1 21 46.084247
2020 1 20 140.8156206
2020 1 19 38.67583569
2020 1 18 179.264606
2020 1 17 151.5356808
2020 1 16 196.7994721
2020 1 15 176.6442267
2020 1 14 89.49224808
2020 1 13 169.1728732
2020 1 12 117.6680322
2020 1 11 122.5928877
2020 1 10 163.8366176
2020 1 9 156.8680696
2020 1 8 73.89858583
2020 1 7 174.6431187
2020 1 6 119.5472635
2020 1 5 127.6295839
2020 1 4 152.9972638
2020 1 3 185.6341937
2020 1 2 142.4865991
2020 1 1 50.27754016